15.76916725
15.90795595
16.25895746
16.37676281
16.47627945
16.58232857
16.69496703
16.76397944
17.28905814
17.41673133
17.53843387
17.66697657
17.79596517
17.91891735
18.20519379
18.32948034
18.72460615
18.86384829
18.95694949
20.49010116
19.56459273
20.79521252
20.94857751
21.10248205
21.25692612
21.75192861
21.90862896
22.06586884
22.22364827
22.38196724
22.54082576
22.65669811
22.88929894
22.99872353
23.2219937
23.29615763
23.33830788
23.43156044
23.54222241
23.74204603
22.04474024
23.9426823
24.03211483
24.12170789
24.21146147
24.30137557
24.3914502
22.51658193
24.57208104
24.66263724
24.73822337
24.96565061
25.05690242
25.14069093
19.21942498
19.50584715
19.90576958
