0.533537611
0.958006512
2.302158031
2.750208538
3.127514228
3.528401523
3.952870424
4.212268086
6.169541351
6.641173463
7.08922397
7.560856082
8.032488194
8.480538701
9.518129347
9.966179854
11.38107619
11.87628991
12.20643239
17.53587525
18.05467058
18.5734659
19.09226122
19.61105655
20.12985187
21.78056426
22.29935959
22.81815491
23.33695023
23.85574556
24.37454088
24.75184657
25.50645795
25.86018203
26.579421
26.81759522
26.95279643
27.25149676
27.60522085
28.2419242
28.59564828
28.87862755
29.16160682
29.44458609
29.72756535
30.01054462
30.29352389
30.53270874
30.85948242
31.14246169
31.37827775
32.08572591
32.36870518
32.62810284
13.13304721
14.13733906
15.527897
